gcc -Wall -Wextra -Werror -pedantic  -std=gnu89 107-main.c 107-quick_sort_hoare.c print_array.c -o quick

./quick
19, 48, 99, 71, 13, 52, 96, 73, 86, 7

7, 48, 99, 71, 13, 52, 96, 73, 86, 19
7, 19, 99, 71, 13, 52, 96, 73, 86, 48
7, 19, 13, 71, 99, 52, 96, 73, 86, 48
7, 13, 19, 71, 99, 52, 96, 73, 86, 48
7, 13, 19, 48, 99, 52, 96, 73, 86, 71
7, 13, 19, 48, 71, 52, 96, 73, 86, 99
7, 13, 19, 48, 52, 71, 96, 73, 86, 99
7, 13, 19, 48, 52, 71, 86, 73, 96, 99
7, 13, 19, 48, 52, 71, 73, 86, 96, 99

7, 13, 19, 48, 52, 71, 73, 86, 96, 99
